                 -2.12373678818196198748
                 -1.97248407378756707153
                 -1.89781361880222942951
                  2.28921502391954723166
                 -1.92296314526446043836
                  1.61716265764811684136
                  1.72914797694131028294
                  1.44157538708620469592
                 -1.69877757386708494458
                  1.61011019890086148898
                  1.52760382565082131201
                 -0.95027665073010070262
                 -1.62930065592699224730
                 -0.39365022153067719124
                 -0.91623529010297999342
                  1.65586724990125278012
                 -0.66869025618841038128
                  0.38645037626423972554
                  0.88812115860303775250
                 -0.88384498069297334766
                  0.07348485355752887305
                 -0.16081281648750644919
                 -0.02047903923538480636
                 -0.03558918082702133140
                  0.00390819433469117780
                  0.12529835609590869727
                  0.08891401513307992110
                 -0.30417097648717716929
                  0.37765955497087150272
                 -0.56020699602690782193
                 -0.23179305676443395789
                  1.28852230540381751389
                 -0.38066978909813320442
                 -0.75809629965132641072
                 -0.90158724495779152264
                 -0.94687864508451635714
                  1.23375270863849206826
                  1.14634057087828056254
                  1.33794597810072213306
                  1.08767373294331570754
                  1.31211354782706601796
                 -1.29702421384594068776
                 -1.77838546305280642557
                  2.07320271037430492456
                  2.01063902884596634735
                 -1.97158846752237271183
                  2.07962515067892539378
                 -2.16603263802454426568
                 -2.35057740296391193269
                  2.70976282804534873705
                 -1.37684320343381072504
                 -1.18397209420143778580
                 -1.38394550091893009380
                  1.34203065825074507877
                  1.28920302074850523510
                  1.16670956640582357267
                 -1.02587624737873239766
                  1.23769592536376915604
                 -0.86471049357721652129
                 -1.05253616480605560746
                 -0.90035072386051961946
                 -0.83894238305300528058
                  0.72727834517635292499
                 -0.59580062984049542152
                 -0.57656684144422454263
                 -0.67815571362253657117
                 -0.32948573419590859723
                  0.32937266001502368828
                 -0.40932655116716026855
                  0.36814397395064046847
                  0.24912106448402226988
                 -0.33827940380935000997
                 -0.21784560947629488803
                 -0.14219697553338658813
                 -0.01940290098723123843
                 -0.02936523398753703579
                 -0.04851321653460923672
                  0.21728526809528234121
                 -0.27469338640366397497
                 -0.42416248817465185272
                 -0.05704535737570070458
                  0.53955028703169449766
                 -0.61132099233953152151
                 -0.51154356384365429200
                 -0.59745581770861388993
                 -0.65894366091226141968
                 -0.56730816437316256007
                 -0.66112898725927082832
                 -0.88401037267334248160
                  0.75235213901839548267
                 -1.05975342298645447414
                 -0.74312559291914415116
                  1.05829681967446931345
                  1.27165138456864879046
                  1.07973604755668484145
                 -1.21336540110605750620
                 -1.40136518996211267840
                 -1.43099195269232937200
                  1.45939268128876409314
                 -1.59208751810500448443
                 -0.53783431112556656650
