                  2.35689443628090966598
                  2.28571090118541775382
                  2.84507011775042295554
                 -1.92407668260142217243
                 -1.58420956010178604068
                 -2.12525156012693372531
                  1.73155340297720350407
                 -2.09181105972460512632
                  2.13304073095167234797
                 -1.52625383732916608537
                  1.04402746574318849859
                 -1.29763058201194669827
                  1.50489253962635327611
                  0.92936006970479223543
                 -1.53516495731057966978
                  0.84190831840051283397
                  0.83221886107579023939
                  0.89158799223441054238
                  0.36485417635954053850
                  0.43873665750582263589
                  0.47437878038695874272
                 -0.20888554610018736368
                 -0.15390668994218897891
                  0.15904267719453268892
                  0.15566406108858532598
                 -0.38487740792224339748
                 -0.02496568816543639005
                 -0.61231869123377102859
                  0.08380151368337608597
                 -1.47448266153144258439
                 -1.06300564295699162543
                  0.62996637865883731155
                 -0.38590370003601931481
                 -0.63824143274515154900
                 -0.81759320193478068894
                 -0.82933569074435153912
                 -1.25129804715885728505
                 -1.29551561338401199919
                 -1.02950992814669972653
                  1.19095368548222224625
                  2.28787207703858319618
                 -1.92432107643675509578
                  1.67841047032791768068
                 -2.08302572806410957185
                 -1.86525690445980774079
                 -2.13147910210269575515
                 -1.76421340925165748281
                  2.47380152167891420589
                  2.46621595043674890491
                 -2.19067784584009395132
                  1.56217064695325391632
                 -1.31754890579423511454
                  1.44423774527765536035
                 -1.29009968108149997157
                 -1.02402536776883401615
                 -1.21400525390609193011
                  0.81833427901314648167
                  1.10268922550428993823
                 -1.15966204032035635763
                 -0.95126100053998607908
                 -1.20108575562726005437
                 -0.87738712005884555989
                  0.63485174150000334148
                  0.51913176567307006692
                  0.26141179077515491747
                 -0.42355594169131394189
                 -0.58854031030768028110
                  0.28772811014192894996
                  0.37633591389618614720
                  0.26913606156384523027
                 -0.44237750030994038575
                 -0.16412455326449085224
                 -0.31412823082790031215
                 -0.07883417710748491514
                  0.03704361780998269293
                 -0.00228227183377014732
                  0.24115283277819654639
                 -0.22468780839632204738
                  0.15965018870181663102
                 -0.04739161952519721499
                 -0.29694562613803887619
                 -0.44845510780142966434
                  0.44065798341867684629
                 -0.67381676687045344298
                 -0.60640077717071672048
                 -0.77220900076084930674
                  0.84036739064457544046
                 -0.68255052049328523989
                 -0.86614700780743525410
                  0.87544625921465546448
                 -1.02784056950945923425
                 -1.06415001160207323139
                  1.18700702695708404377
                 -1.07923527542527719625
                 -1.15081445868648235553
                 -1.47665972303334513960
                 -1.35827731636512272217
                 -1.31242169278590914416
                 -1.54474413131319554537
                  1.49610099796994444610
                 -0.33032040292988451569
