                  2.45632315641678333762
                 -2.70669371631348809615
                  2.22756798353767759835
                  2.36691500055880954534
                 -1.69413833348638109833
                  2.72580480521506540725
                  1.93880602922172573521
                 -1.59287597431338401321
                  2.09942582434100843969
                 -1.56565551610440989450
                 -1.21040760194361096680
                 -1.11770330899182490647
                 -0.92581351482967633171
                  0.96501673678652655219
                 -0.85728334391401173065
                 -1.15863369549252581692
                 -0.79288564953363172005
                  1.47743777932144459974
                  0.29792238093148237787
                  0.68940137833707404447
                 -0.22240809995538091126
                 -0.28306773649412819704
                 -0.14163676052296272911
                  0.52728661196551296353
                  0.00166051319191285731
                 -0.03929414952877009759
                 -0.07544175967507117664
                 -0.17013245187736789066
                  0.10813187269704437055
                  0.86250785409543950788
                 -0.22927866396250948244
                  0.55211567549603868255
                 -0.17965178633509087947
                  0.79877594555921282993
                  1.24520403784837330186
                  1.21895293564808793185
                 -1.27184771711997557375
                  0.98180599093951914647
                 -1.59561703744152683093
                 -1.40026848732140374310
                 -1.69930815092361986451
                  1.38611246898885953627
                  1.22437397426544714030
                 -1.27344144602760733775
                 -1.78171924580233853597
                 -1.63124058176338282422
                 -2.38264604913844690870
                 -1.98723894881839679982
                 -2.09185370411934279389
                 -3.35300983491865345343
                 -1.56595267658698800162
                 -1.41363467879517656911
                  1.40959611973012721720
                 -1.03920241275803060255
                  1.41702710205970960899
                 -1.51325076732984231676
                 -1.03607357156387624997
                  1.06477118011442128953
                 -0.99031995184262466836
                 -1.09673769281932753650
                  1.18329641705886867697
                 -0.77969986109005229302
                 -0.89040949688035231357
                  0.72560565673395205355
                 -0.73806471970778342317
                 -0.47856703286403812214
                 -0.49198016451241716185
                 -0.41309334845029649363
                 -0.50727433792961762471
                  0.33289575830538847834
                  0.28435016026096343600
                 -0.27093947668935319806
                 -0.06708081855136086014
                  0.13266478578945203881
                  0.19162107967827143873
                  0.10680957858191039711
                  0.06487611838256954200
                  0.12799832878785877277
                  0.33578983900787284789
                  0.33116243432745978703
                 -0.43952763660382371258
                 -0.24575370087347220283
                  0.26479516390383744939
                  0.60007411359055295996
                  0.65628638198130506698
                 -0.37967501204289377803
                  1.01571716680594836824
                 -0.54696177001575041476
                  0.84559262122008771456
                  0.92212088252902724150
                 -1.00439126231431474778
                  0.98124234856276959515
                 -1.13921546079406743601
                  1.22945499018678039427
                  1.16713133299470062099
                  1.06143394057236317707
                 -1.36436037706178137086
                 -1.35325771196562771870
                  1.38167280574288064976
                 -1.70554922127335761850
                 -0.53236322329613927629
