                 -2.19727274766081803747
                 -1.96978877705137422893
                  2.06410753632692589576
                  1.79519727248362070959
                  1.89922657364970337568
                  1.67262993073164811797
                  1.58708821909686736973
                 -1.71158869123787060751
                 -1.48987725346067989562
                  1.21118143506299258405
                 -0.97741008078457991548
                  1.05702885254310396945
                 -0.84607685991819125970
                 -1.14849642505540461279
                  0.80496038214640130981
                  0.82083459099959610317
                 -0.87497291181237379920
                  0.47860390042312422887
                 -0.63864983014272425077
                 -0.46319445033570483261
                 -0.37918859314173009034
                 -0.59108633495577822536
                 -0.47024547253437598560
                 -0.05510932889058700601
                 -0.23374377526082265599
                  0.14447761216463089751
                 -0.11436690695240950277
                  0.53496220251144321889
                  0.26733502500348527153
                 -0.48369121758725686089
                  0.43698812473602927087
                  0.40081791613029416066
                 -0.66989505289969031310
                 -0.53641394723448165838
                  0.54062695541423655410
                 -0.97098412375799902918
                 -0.92258950634337000274
                  1.08473961810869434785
                  1.15123449239318764725
                  1.24095723089302101272
                  1.63463597863173681901
                 -1.21861366319329444963
                 -1.44395720327603571675
                 -1.72087415036611668384
                  1.78952624407887750380
                 -2.10012605479377922890
                  2.01228408115997137173
                  1.98742122959475420174
                 -2.10069786449183215638
                 -2.23695205485084525066
                 -1.51788900875480470276
                  1.49004559535769609546
                  1.35707220924681903895
                 -1.42053001584028049109
                 -1.32014120458796324620
                  1.25253942584049360320
                 -1.27207683294034490373
                 -1.09671280926347081142
                 -1.11362255357272221801
                  1.00292834015484544352
                 -0.92630330676891103892
                  0.72818822089065970982
                 -0.78619484509830994678
                 -0.62141107883612445306
                 -0.60579163000468794209
                  0.70640537519474122519
                 -0.54473221034217944592
                 -0.43832949545624405596
                 -0.41432747718228657430
                 -0.16577129304744614435
                 -0.37270384496339642455
                  0.22699282717202884374
                 -0.15232646593885235120
                 -0.17788464736798509369
                 -0.16585112018389622235
                 -0.05172259270346476340
                 -0.17793186999420568251
                 -0.13438145036989304626
                 -0.26125531423154241262
                  0.24189964069754824050
                 -0.31266603449179142249
                 -0.39363252209170340734
                 -0.53078577033671581198
                 -0.44867028652917251286
                  0.68025677448202293007
                  0.57652347716743712613
                 -0.69215033122601332671
                 -0.77376466656899134389
                 -0.71363269560631670263
                  0.88452713343455724448
                  0.94839291716278151245
                 -1.06510777776919307591
                  1.09340526746875843500
                  1.03578270935336114178
                  1.25264847433656134612
                 -1.25176487253661306021
                 -1.32290355872143305938
                  1.40889633988459572755
                 -1.43401182098750790139
                 -1.48102800715667326514
                  0.49566265755311228469
