                 -2.26830984668208568422
                 -2.09267956419463097006
                 -2.06329048329532138695
                  1.75771292617302554717
                 -1.89090439608766680557
                  1.80892177849299007342
                 -1.72902681296086169205
                  1.59079692034343200824
                  1.23141776773234501441
                  1.36957151642400853930
                 -1.32592218984229393008
                  1.14278053191249773235
                 -1.22539961680059317217
                 -1.04382089520594889542
                  0.95853317031947427029
                 -0.77662642066922260575
                 -0.76298693536025963269
                  0.64461306002809293236
                  0.72575331772040041489
                  0.31852922505569730705
                  0.51871907835100117268
                 -0.44012362298418877815
                 -0.87171276889450921566
                 -0.21260413159129290528
                  0.22762979112948342197
                  0.02405387784269212223
                 -0.38658947478371374906
                 -0.16854008621690866332
                  0.04827125028598933110
                  0.29748565029648038616
                  0.33972499560162466858
                 -0.74796742195028143030
                 -0.84125095115317394256
                 -0.97534460730030203557
                 -0.82836208636162322883
                  0.74716819875168993814
                 -1.20317885977368321804
                  1.10872256247012312969
                  1.33623707292842053285
                 -1.22427163464633781409
                  1.34415686973339298937
                  1.49097103178106604737
                  1.44963764275546980187
                  1.71355039107085738159
                 -1.66664578533612628419
                 -1.60270025840997876188
                  1.68000134289152036615
                 -2.15998097784677334232
                  2.09387176890247683758
                  2.20714433797318809738
                  1.56728454118681437279
                  1.45029564810363531535
                 -1.31553660377083270205
                  1.41774667981455482213
                 -1.24562983975268726233
                  1.20654973451697400399
                 -1.13866293568514387324
                 -1.08854750078152440196
                 -0.97340851534319772220
                 -0.86434775349977577275
                  0.91955303388056264247
                  0.78705785466874345069
                 -0.77181758272258504938
                  0.61741484945967928244
                  0.60723423692307842980
                  0.62065273023188605173
                  0.52227800169024118926
                  0.45048587626265407247
                  0.39029174426070090131
                 -0.27945813343559933184
                  0.23489140742374134407
                 -0.10857481162184338952
                  0.04926766932678146305
                  0.14541625934763180439
                  0.04919771812927244831
                 -0.05501565385766245264
                 -0.21733446531853606309
                 -0.10190384234325691737
                 -0.18217030858100582980
                  0.32557409760302957746
                  0.42428741836625044614
                 -0.40347366437049686505
                  0.38234453133148593729
                 -0.50506601385006311133
                 -0.44773217983826973931
                 -0.66142627336685611006
                  0.80832986312209043067
                  0.79647948049110994795
                  0.80965283667746679175
                  0.82674310499579561906
                 -0.97159616279932625726
                  1.02227923275481291654
                  1.03403962888235700923
                  1.09070604790979053256
                 -1.20650649442747526230
                 -1.23434105262529336677
                  1.31395896190440764073
                  1.37272369738982691345
                  1.45731192722894764557
                  1.51244382520390607816
                  0.46822533728267778930
