                  2.26149934807734798170
                 -2.51982543209836995501
                 -2.18068694696197118432
                  1.87751323286774418619
                 -2.03161121126498134259
                 -1.69986667295637161601
                  1.76558297456755819432
                 -1.56061773067076203780
                 -1.56282605042067657131
                  1.71065121052402568935
                  1.40033515788512219480
                  0.97018224050967716288
                  1.22885589999415834050
                  1.43020630461845388304
                 -1.12641729448971328331
                  1.08290212035145305691
                  0.64602700961645265210
                 -1.88893102361504072739
                 -1.12269161769295044984
                 -0.32254049807672052763
                  0.21563901711831864882
                  0.25461624273834509991
                 -0.08667073667306869622
                  0.10827556657858396216
                  1.16748925778114243101
                 -0.59916739879067781871
                 -0.24402151375797201394
                 -0.09108413195067704970
                 -0.70897461847354870113
                  0.37940773124178828191
                 -0.35089800165458806536
                  0.82431144532261868552
                  0.60132513655658537122
                 -0.45483752999402349282
                 -0.69525291078103101938
                 -1.27337092554041730885
                  1.48831760541693469690
                 -1.05296219531609236419
                  0.88126782437929485070
                 -0.99871931391239043840
                  1.21042425819997867542
                  1.96595258433370378981
                 -1.72749471245499797156
                 -1.44109391553104759787
                  1.96669364459719231419
                  1.55374484301364956806
                 -1.78143772696057256510
                 -2.21283528334004486737
                 -2.20198886088571743613
                 -3.47762592478633125737
                  1.55175141856565312892
                  1.35775746282503639861
                  1.48749938500865619417
                 -1.38785341118837646235
                  1.17040279901578592181
                 -1.25020738942152354056
                  1.11569186189904856477
                 -1.22921313975192525447
                 -1.03972539328149582438
                  0.89140531144696932841
                  0.86124592387315379582
                  0.99016668353718506612
                  0.84707182316707374525
                 -0.60896442382872906229
                 -0.57273851923493468430
                  0.54124791589582543772
                  0.58480926365539720457
                  0.52858695449587478343
                 -0.38066274274320766047
                  0.16915032080957109750
                  0.27049651597902441003
                  0.26112835482864654724
                 -0.13925420297077767406
                  0.20374309804504023291
                 -0.08443553057579694654
                  0.07358978608589697434
                  0.17963096327491034909
                  0.30516159615042165454
                 -0.37500413417106698288
                 -0.17801482024554235450
                 -0.45452839374593789756
                  0.44947883174523139971
                  0.47851587549760138396
                 -0.52739142131978500316
                 -0.52040484544485465790
                  0.67562940618447753227
                  0.66254498927993810131
                 -0.89061340590843351972
                  0.70290895107857453983
                 -0.92058347139256735403
                  0.99695775153017118786
                 -0.89101307679903207770
                  0.92774674633490394893
                 -1.22574749740226263128
                  1.30400115943718497569
                 -1.34273192741350344548
                  1.41427598518636865599
                  1.55642807826428497542
                  1.32681877348461974009
                  1.64702494831758783356
                  0.80032474612279447257
