                 -2.32845044616240937074
                 -1.69454333146491986639
                  2.12479217908991069308
                  1.87930163829236196449
                  1.71709564970216765900
                  1.74833560636992135784
                  1.78031069140901365699
                  1.36703412868084250853
                  1.42740878910475466057
                  1.63740317364123399990
                 -1.23463886465596139885
                  1.22992362516032915920
                  1.32950475644828847166
                 -1.56177764548891406804
                  1.07611575210137666581
                 -0.84360291599221026715
                 -0.83912073132713538293
                  1.38812260779240803643
                  0.74049435954484754685
                 -0.22484308731695984429
                 -0.45951669348855017638
                 -0.40389996106110359619
                 -0.13469819729066850877
                 -0.25784952926138710039
                  0.25056947461091355622
                  0.17263454499243122142
                  0.06305208582101087811
                 -0.23454079553439530215
                 -0.44215643678630572877
                  0.94053806988935895195
                  0.37082909188162782588
                  0.39565386764410087617
                 -1.25470193547821962099
                 -1.27399863881963248957
                  0.64306050695329319833
                  1.35080843321445831506
                  0.94994246199606091619
                 -0.80151049248685801718
                 -1.62330977118298558359
                  1.40904990841017574432
                 -1.72126595046928021482
                  1.59202845713183505083
                 -1.41445152080791114457
                  1.78029902825473596018
                 -1.71926903563237720718
                 -2.43885104538237262872
                  1.81667913343763021139
                 -2.41425519523310594394
                  1.97772292474528588180
                  2.57814427825804015626
                  1.34457099444864414117
                  1.36958400934958834938
                 -1.42084329171086798382
                 -1.35575741267858340677
                 -1.24382484273799920338
                  1.14212952467058381778
                  1.11601891983716794421
                  1.02931642457609595631
                 -1.29830840147460446765
                  0.92563018567703148065
                  0.90097504221322022300
                 -0.78181922052641872334
                 -0.84334589524601422106
                 -0.68445220169231613117
                  0.70112952520645643872
                  0.66952652869306972239
                 -0.65713711220648163280
                  0.35577467201938206554
                 -0.51220583125197904906
                  0.30811919121953679213
                  0.29927523872373190672
                 -0.03318797573474692453
                 -0.24026442331046826695
                  0.02333673868205566812
                 -0.08533848203639296526
                  0.04599318372073297329
                  0.32513930739650759305
                 -0.02515077552383163106
                  0.22675948764112521805
                  0.38964624938853870129
                  0.13479945719420219352
                 -0.37829456696807539640
                  0.48897205013399253071
                 -1.00861402037931324749
                  0.61137181969930565195
                  0.36968596469934528193
                  0.90482926653340767231
                  0.80994786693772291564
                  0.92288068234380771226
                 -1.07155849658591306728
                  1.03733697012784831237
                 -1.16703078204680132934
                 -1.37754436540149738377
                  1.16714434692342217126
                  1.20024773807942453097
                  1.19579550356303410119
                  1.40399717905697607456
                  1.45625314402834837857
                  1.41083575896141621975
                  1.50497599457194319861
                 -0.60574941083541478104
