                  1.96673206118472032600
                 -2.02367589710272754999
                  1.43003777452702940387
                 -1.89365526771172221210
                 -2.39241107431943555994
                 -1.83803506272714156644
                  1.65190790881285098912
                  1.48244640575882180578
                 -1.14296404414909558156
                  1.06856594962153184092
                  1.05639155616329616372
                  1.21529200695731276483
                  1.37874183934374117122
                  0.51913352058713468917
                  1.04333169007110115878
                  1.05043102877552696484
                  0.43924509064652994539
                  0.77910134030893041235
                 -0.77822727448433159925
                  0.59318551218596393682
                  0.37814955932706451058
                  0.12812785947105650997
                  0.12904830377038020717
                 -0.37489723485751885734
                  0.12457911053312965832
                 -0.22521613878937207787
                  0.29253148174186116570
                 -0.30824726007265423888
                 -0.00912628564211077214
                  0.63408294349371063792
                 -0.04310257477060407821
                 -1.13730378194631231992
                 -1.03825052514157500916
                 -0.99623696501602798659
                 -1.14912963709236559673
                  1.05997990315886814194
                 -1.11230630853066903008
                  1.26580085279358134365
                  1.37229821451957878509
                  1.20792375762279058371
                  1.53652644376554681216
                 -1.44456883147471848439
                  1.41952126358406149897
                  1.51799022373177527889
                  1.67804455325100132512
                 -2.39362886936690877349
                  1.94422564916387630163
                 -1.90898040333098073518
                  2.65753627186803109694
                 -2.33880667160638378022
                  1.47392454859312871385
                 -1.44618516252537299138
                  1.38706975187455161524
                  1.31060982441822804212
                 -1.61346464167506864484
                  1.19696000738924634987
                  1.23116059920704423725
                 -1.14368735725722392438
                 -0.90263034658717378189
                 -0.94362518170836950926
                  0.92430552144851374496
                 -0.79634268415068687474
                 -0.50852402991561440615
                  0.57395164141221521881
                  1.00141566866746600795
                  0.34373978258670373487
                 -0.39909143247693229517
                 -0.65086462043845783043
                 -0.39981326668720551520
                 -0.20892012655974484536
                 -0.20224035472847967654
                 -0.30541602133918938078
                 -0.06471274790657446929
                  0.05691867311102383198
                 -0.06882242475678398974
                  0.02722608205730956549
                 -0.31058131954805007213
                  0.01734647474171171003
                  0.29769408782595668805
                  0.10867071937841328577
                 -0.30943236647724331467
                  0.55961388044636961592
                  0.72092527929807592724
                  0.73067548859150510676
                 -0.94761747496149806302
                 -0.82227546912793447742
                  0.81712750815937251758
                  0.76141803892978821011
                 -0.75847894894779044339
                 -0.87834084365512210546
                  0.98392891180852470878
                  1.03435065959946670411
                 -1.28565155573841849446
                 -1.18980398812112375673
                 -1.34398931009243338686
                 -1.29457684897193847640
                  1.33932659017833421977
                  1.26582436818182086924
                  1.42160788165096785285
                  1.51769062659263376247
                 -0.66962619440338522203
