                 -2.13177154595761919609
                  1.94804142413221081931
                  2.12089583914979629142
                 -1.50944076869314036671
                  1.72608474560628222250
                 -1.64295635203439105432
                  1.69841668544157853304
                  1.79272442235736706451
                 -1.46847289429863958610
                 -1.29305219465532195144
                  1.26890677353340319833
                 -1.12165961188258189729
                  1.04379590149997425463
                 -1.13011644354766227494
                 -1.02402236040928373839
                 -0.77074526782605634612
                 -0.80169133722258112407
                 -0.50371188652233334082
                  0.52141984916426908914
                 -0.51713820829844403537
                  0.50238498916586260545
                  0.58060392649820191657
                 -0.37394999415812879562
                 -0.26320500894991766261
                  0.08612144721108844214
                  0.16303242648108595692
                 -0.20245516181241265952
                  0.16183044944363575435
                 -0.38492331130571910691
                  0.60836546529985047194
                  0.23071872646328644985
                  0.06119210729092250389
                  0.71609229326669843196
                  0.74156421833755736817
                  1.09030067242784634018
                 -1.26100336182828431930
                  1.14506544865941406464
                 -1.03736098635160689518
                 -1.14324851920598313804
                 -1.41009358844267906896
                 -1.24997935218485034525
                  1.17504222736574281960
                 -1.57200857332759480478
                 -1.60237407020883471098
                 -1.40104871368231087558
                  1.68750148491410878471
                 -1.84401590891869693323
                 -1.83087365438788407523
                  1.97532336863387247838
                  2.18245701384155754710
                  1.52892788060772288894
                  1.39549605236565832378
                 -1.45389552457677284636
                  1.34977136392529639686
                 -1.27381159627824280811
                 -1.14144679363124557092
                  1.17547743085898281912
                 -1.06463770920486466842
                  1.08126856536947935084
                 -0.98894590486784661465
                  0.85850305815488503480
                 -0.90353380549207229500
                 -0.75122422580288605864
                  0.70018548374122058231
                  0.57955610122827150299
                 -0.59598115953648334031
                  0.48794086253474677761
                  0.47110842933975421998
                  0.47056763437513249304
                 -0.34051509069360330617
                 -0.34101705456869391142
                 -0.18430899905484823820
                 -0.24158114182784026780
                 -0.07948289698546227855
                 -0.06904991242999471146
                 -0.03232011421257659223
                 -0.09959622887136260205
                 -0.19083821397511580020
                 -0.26976124212675395286
                 -0.30716514965926428049
                  0.31100831632663294979
                  0.45505096128522765087
                 -0.42506250806027834344
                  0.53123048005834105911
                 -0.56496434945529794280
                  0.64266548816246960030
                 -0.63855530684022099308
                  0.79836712139548771106
                 -0.86959310903566999773
                  0.83590799714387753472
                  0.96062903171685054549
                 -1.17123713725150180309
                 -1.02746944401031492511
                  1.19447634984387285328
                  1.23426772693663777680
                 -1.29924730991503190047
                 -1.37596180845571636198
                  1.38623908646769122832
                  1.46098775257838764396
                 -1.49976772818125936304
                 -0.29347147959143932150
